    43892
    71024
    12495
    89234
    56108
    34921
    98210
    10543
    67432
    29815
    54129
    83012
    17384
    94105
    38219
    65490
    21038
    78541
    49216
    15837
    92485
    31940
    68273
    14592
    87304
    52168
    39851
    74912
    10257
    86319
    41582
    63970
    28415
    97153
    50824
    13697
    75280
    36194
    82045
    19576
    64831
    27390
    95162
    40728
    81359
    25904
    60481
    16293
    93570
    48126
    72953
    35418
    80642
    18739
    59214
    26485
    91537
    47820
    73196
    38054
    84612
    23970
    57183
    15049
    90426
    45281
    71639
    32805
    89517
    20463
    61392
    12758
    88041
    44927
    76215
    31580
    87932
    29164
    65087
    11439
    85376
    43092
    70158
    37421
    86209
    24815
    69340
    14287
    84193
    46501
    75829
    30642
    83471
    28150
    67934
    19208
    82516
    41973
    79048
    33725
